City,Country,Latitude,Longitude,Maximum Temperature,Humidity,Clouds,Wind Speed,Date
Batemans Bay,AU,-35.7167,150.1833,53.2,79,100,3.83,1622656296
Cape Town,ZA,-33.9258,18.4232,62.11,80,20,4.0,1622656082
Saint-Joseph,RE,-21.3667,55.6167,75.58,79,95,14.41,1622656298
Rikitea,PF,-23.1203,-134.9692,71.87,60,98,17.29,1622656277
Butaritari,KI,3.0707,172.7902,82.65,79,100,15.59,1622656299
Shingū,JP,33.7333,135.9833,63.91,93,99,6.13,1622656299
Ushuaia,AR,-54.8,-68.3,35.22,93,20,5.75,1622656299
Chake Chake,TZ,-5.2459,39.7666,74.77,82,73,6.69,1622656300
Bonavista,CA,48.6499,-53.1147,69.8,66,25,9.4,1622656300
Dunedin,NZ,-45.8742,170.5036,45.81,88,1,1.01,1622656300
Faanui,PF,-16.4833,-151.75,80.44,71,50,14.47,1622656233
Bredasdorp,ZA,-34.5322,20.0403,58.32,94,95,9.69,1622656151
Yulara,AU,-25.2406,130.9889,51.64,71,82,9.22,1622656301
Mogadishu,SO,2.0371,45.3438,78.44,82,41,14.05,1622656301
Tuktoyaktuk,CA,69.4541,-133.0374,33.8,69,75,13.8,1622656141
Sakakah,SA,29.9697,40.2064,98.17,13,0,13.4,1622656302
Port Blair,IN,11.6667,92.75,83.55,75,43,3.69,1622656302
Mataura,NZ,-46.1927,168.8643,49.48,97,18,3.22,1622656302
Laguna,US,38.421,-121.4238,99.43,56,1,8.46,1622656303
Verkhnyaya Inta,RU,65.9811,60.3094,34.3,88,100,16.71,1622656196
Pilar,BR,-9.5972,-35.9567,80.53,67,74,9.26,1622656303
Blagoyevo,RU,63.3667,47.9167,48.04,76,100,10.47,1622656303
New Norfolk,AU,-42.7826,147.0587,53.92,77,99,2.75,1622656304
Ribeira Grande,PT,38.5167,-28.7,66.6,48,20,11.5,1622656304
Souillac,MU,-20.5167,57.5167,76.35,69,40,17.38,1622656304
Busselton,AU,-33.65,115.3333,60.21,69,96,2.15,1622656305
Kalawit,PH,8.0667,122.5167,77.58,91,99,7.36,1622656305
Qarqīn,AF,37.4185,66.0436,94.14,11,1,7.49,1622656305
Katsuura,JP,35.1333,140.3,70.11,83,93,8.32,1622656306
North Bend,US,43.4065,-124.2243,79.95,88,75,6.91,1622656225
Saint Paul Harbor,US,57.79,-152.4072,47.71,81,90,6.91,1622656306
Jamestown,US,42.097,-79.2353,69.51,49,1,9.22,1622656198
Honiara,SB,-9.4333,159.95,77.63,81,23,4.61,1622656307
Bluff,NZ,-46.6,168.3333,49.8,81,71,10.4,1622656079
Bathsheba,BB,13.2167,-59.5167,86.61,51,40,13.67,1622656186
Punta Arenas,CL,-53.15,-70.9167,32.11,74,0,7.11,1622656110
Upernavik,GL,72.7868,-56.1549,31.95,81,52,7.27,1622656307
Yellowknife,CA,62.456,-114.3525,61.32,82,40,1.99,1622656308
Kismayo,SO,-0.3582,42.5454,78.21,79,100,13.18,1622656308
George Town,MY,5.4112,100.3354,83.89,87,20,5.01,1622656108
Clyde River,CA,70.4692,-68.5914,28.63,86,90,5.75,1622656308
Laas,IT,46.6166,10.7002,67.08,90,72,2.15,1622656217
Vao,NC,-22.6667,167.4833,69.3,64,84,8.55,1622656309
Chokurdakh,RU,70.6333,147.9167,60.87,28,64,4.63,1622656309
Pisco,PE,-13.7,-76.2167,64.02,94,90,4.61,1622656309
Naze,JP,28.3667,129.4833,73.2,88,100,11.86,1622656310
Lagoa,PT,39.05,-27.9833,59.5,59,86,5.26,1622656310
Along,IN,28.1667,94.7667,72.97,97,80,1.59,1622656310
Nyrob,RU,60.733,56.7202,43.61,56,31,3.13,1622656311
Columbus,US,39.9612,-82.9988,68.34,89,90,4.61,1622656210
Vaini,TO,-21.2,-175.2,68.16,88,20,2.3,1622656161
Tautira,PF,-17.7333,-149.15,77.02,67,89,9.6,1622656311
Maţāy,EG,28.419,30.7792,85.84,19,0,20.0,1622656311
Khatanga,RU,71.9667,102.5,33.49,84,100,3.74,1622656312
Novokayakent,RU,42.3937,47.9861,75.25,76,6,8.46,1622656312
Nizwá,OM,22.9333,57.5333,97.41,11,0,4.88,1622656312
Brae,GB,60.3964,-1.353,55.31,66,0,15.79,1622656246
Camargo,MX,27.6667,-105.1667,84.15,23,98,11.1,1622656313
Puerto Ayora,EC,-0.7393,-90.3518,78.76,79,66,8.01,1622656313
Saint-Philippe,RE,-21.3585,55.7679,76.59,82,91,14.23,1622656313
Great Falls,US,47.5002,-111.3008,79.66,36,1,7.0,1622656240
Castro,BR,-24.7911,-50.0119,70.2,63,10,8.75,1622656314
Sirūr,IN,18.8333,74.3833,76.17,74,100,4.12,1622656314
Ponta do Sol,PT,32.6667,-17.1,63.23,87,97,9.48,1622656185
Aykhal,RU,66.0,111.5,57.22,63,91,5.86,1622656315
Lompoc,US,34.6391,-120.4579,82.13,100,90,8.57,1622656315
Suez,EG,29.9737,32.5263,73.11,54,0,17.2,1622656315
Butembo,CD,0.15,29.2833,60.35,91,100,0.94,1622656316
Saskylakh,RU,71.9167,114.0833,34.9,87,100,18.81,1622656316
East London,ZA,-33.0153,27.9116,61.74,82,20,12.66,1622656127
Nanortalik,GL,60.1432,-45.2371,39.97,83,100,11.07,1622656316
Viedma,AR,-40.8135,-62.9967,53.55,46,37,10.92,1622656317
Nuuk,GL,64.1835,-51.7216,38.01,79,99,11.32,1622656317
Mahébourg,MU,-20.4081,57.7,76.24,69,40,12.66,1622656317
Okhotsk,RU,59.3833,143.3,37.09,87,89,6.76,1622656318
Todos Santos,MX,23.45,-110.2167,91.99,42,15,6.42,1622656257
Nouadhibou,MR,20.931,-17.0347,73.38,64,35,20.71,1622656318
Nikolskoye,RU,59.7035,30.7861,64.29,65,15,6.26,1622656319
Cherskiy,RU,68.75,161.3,49.87,41,40,7.16,1622656319
Seabra,BR,-12.4186,-41.7703,80.33,38,75,9.93,1622656319
College,US,64.8569,-147.8028,56.08,74,75,0.0,1622656143
Chui,UY,-33.6971,-53.4616,64.09,55,24,12.97,1622656320
Wamba,NG,8.9333,8.6,83.28,60,74,3.85,1622656320
Langarūd,IR,37.197,50.1535,77.05,62,0,1.19,1622656320
Barrow,US,71.2906,-156.7887,28.42,74,90,17.27,1622656321
Ferrol,ES,43.4832,-8.2369,62.85,89,97,17.27,1622656321
Turan,VN,16.0678,108.2208,89.65,74,20,0.0,1622656322
Khovd,MN,48.0056,91.6419,64.35,36,76,4.85,1622656322
Buin,CL,-33.7333,-70.75,74.05,35,13,2.39,1622656166
Salalah,OM,17.0151,54.0924,80.8,81,97,8.84,1622656322
Hobart,AU,-42.8794,147.3294,54.27,75,90,1.99,1622656320
Villa Carlos Paz,AR,-31.4241,-64.4978,69.08,53,98,1.99,1622656323
Atuona,PF,-9.8,-139.0333,79.52,72,45,15.52,1622656323
Zhigansk,RU,66.7697,123.3711,55.45,77,85,12.95,1622656212
Talnakh,RU,69.4865,88.3972,34.16,91,97,8.39,1622656324
Walvis Bay,NA,-22.9575,14.5053,70.75,40,0,15.35,1622656324
Hilo,US,19.7297,-155.09,76.8,78,90,4.61,1622656172
Lavrentiya,RU,65.5833,-171.0,30.07,70,31,13.33,1622656324
Pevek,RU,69.7008,170.3133,31.73,74,12,2.95,1622656151
Port Alfred,ZA,-33.5906,26.891,60.62,78,96,15.39,1622656325
Salinópolis,BR,-0.6136,-47.3561,84.56,70,12,10.71,1622656286
Devonport,AU,-41.1667,146.35,39.78,91,46,3.71,1622656051
Hermanus,ZA,-34.4187,19.2345,61.9,82,95,13.13,1622656141
Mount Gambier,AU,-37.8333,140.7667,48.11,93,75,0.0,1622656325
Ulaangom,MN,49.9811,92.0667,57.54,25,23,3.74,1622656326
Broome,US,42.2506,-75.833,68.38,77,90,6.04,1622656326
Shache,CN,38.4167,77.2406,74.44,27,45,7.58,1622656327
Mount Isa,AU,-20.7333,139.5,67.77,83,90,8.05,1622656327
Fasa,IR,28.9383,53.6482,85.24,14,0,4.61,1622656327
Cabo San Lucas,MX,22.8909,-109.9124,92.5,37,40,14.97,1622656328
Abu Dhabi,AE,24.4667,54.3667,91.51,75,0,7.99,1622656310
Hasaki,JP,35.7333,140.8333,64.29,80,100,10.33,1622656257
Alice Springs,AU,-23.7,133.8833,49.55,66,49,6.64,1622656328
Yaan,NG,7.3833,8.5667,86.14,54,28,6.22,1622656329
Tamandaré,BR,-8.7597,-35.1047,81.25,62,47,8.75,1622656329
Porto Belo,BR,-27.1578,-48.5531,80.89,63,37,8.19,1622656162
Rucheng,CN,32.3883,120.5553,72.0,97,99,4.43,1622656329
Dingle,PH,10.9995,122.6711,76.84,92,100,6.22,1622656330
Klaksvík,FO,62.2266,-6.589,50.92,95,99,9.62,1622656330
Kargil,IN,34.5667,76.1,48.33,43,83,5.01,1622656330
Berestechko,UA,50.3605,25.1107,61.0,74,100,6.89,1622656331
Jiazi,CN,22.8779,116.067,80.37,91,96,1.95,1622656331
Qaanaaq,GL,77.484,-69.3632,27.64,78,47,1.92,1622656331
Havre-St-Pierre,CA,50.2334,-63.5986,59.36,63,1,27.63,1622656332
Mascote,BR,-15.5631,-39.3025,81.91,41,20,6.62,1622656332
Boende,CD,-0.2167,20.8667,72.19,95,93,3.06,1622656332
Northam,GB,51.0333,-4.2167,67.14,93,100,8.95,1622656219
Chifeng,CN,42.2683,118.9636,53.24,35,3,6.91,1622656255
Qaqortoq,GL,60.7167,-46.0333,52.3,78,100,17.78,1622656134
Languyan,PH,5.2618,120.0807,80.49,86,100,8.3,1622656333
Lorengau,PG,-2.0226,147.2712,79.41,87,95,4.54,1622656333
Shahr-e Bābak,IR,30.1165,55.1186,85.42,9,8,3.58,1622656333
Samarai,PG,-10.6167,150.6667,77.94,84,100,13.53,1622656334
Miguel Calmon,BR,-11.4289,-40.595,82.29,49,85,5.3,1622656334
Aklavik,CA,68.2191,-135.0107,32.83,86,90,5.75,1622656334
Iqaluit,CA,63.7506,-68.5145,33.53,93,90,8.99,1622656226
Cartagena,CO,10.3997,-75.5144,85.62,79,90,5.75,1622656335
Ust'-Uda,RU,54.1742,103.0304,53.62,72,0,1.81,1622656335
Omboué,GA,-1.5746,9.2618,76.6,84,53,5.68,1622656336
Sesheke,ZM,-17.4759,24.2968,61.72,27,27,5.79,1622656336
Torbat-e Jām,IR,35.244,60.6225,88.68,18,12,6.96,1622656336
Mazyr,BY,52.0495,29.2456,56.35,75,88,7.87,1622656337
Kapaa,US,22.0752,-159.319,77.47,73,1,1.99,1622656301
Vestmanna,FO,62.1564,-7.1664,49.12,93,75,1.57,1622656337
Bubaque,GW,11.2833,-15.8333,79.72,77,71,15.1,1622656246
Chingirlau,KZ,51.095,54.0814,66.22,78,48,7.54,1622656338
Oyón,PE,-10.6681,-76.7731,58.26,53,98,1.12,1622656338
Tasiilaq,GL,65.6145,-37.6368,37.09,80,22,6.8,1622656338
Hobyo,SO,5.3505,48.5268,79.32,78,100,22.15,1622656209
Tessalit,ML,20.1986,1.0114,106.07,5,2,7.16,1622656339
Vengerovo,RU,55.6848,76.7471,52.77,64,16,5.35,1622656339
Avera,US,33.194,-82.5271,85.91,36,100,6.35,1622656340
Teya,RU,60.3778,92.6267,56.21,98,97,1.45,1622656340
Arraial do Cabo,BR,-22.9661,-42.0278,80.56,73,0,13.8,1622656340
Tungor,RU,53.3808,142.9564,44.31,94,49,6.69,1622656340
Flinders,AU,-34.5833,150.8552,54.37,83,97,1.01,1622656341
Trelew,AR,-43.249,-65.3051,49.41,50,68,10.16,1622656341
Yunyang,CN,33.4474,112.7142,73.11,75,100,0.43,1622656342
Verkhnetulomskiy,RU,68.6073,31.7962,73.53,55,46,3.44,1622656342
Longyearbyen,SJ,78.2186,15.6401,42.64,70,75,13.8,1622656163
Plettenberg Bay,ZA,-34.0527,23.3716,56.71,88,98,9.46,1622656342
Hithadhoo,MV,-0.6,73.0833,83.82,68,71,17.25,1622656343
Shimoda,JP,34.6667,138.95,66.25,87,90,5.39,1622656343
Provideniya,RU,64.3833,-173.3,33.87,57,22,5.3,1622656344
Albany,US,42.6001,-73.9662,78.75,50,100,7.29,1622656216
Dali,CN,25.7,100.1833,64.56,86,37,5.75,1622656344
Jalu,LY,29.0331,21.5482,89.28,22,16,10.85,1622656345
Neiafu,TO,-18.65,-173.9833,74.08,94,75,4.61,1622656345
Torbay,CA,47.6666,-52.7314,72.88,50,20,26.46,1622656345
Cananéia,BR,-25.0147,-47.9267,76.87,56,2,4.54,1622656346
Taoudenni,ML,22.6783,-3.9836,111.74,8,47,9.6,1622656346
Tilichiki,RU,60.4667,166.1,41.14,71,9,1.07,1622656346
Bad Windsheim,DE,49.5,10.4167,77.13,27,1,0.0,1622656346
Kruisfontein,ZA,-34.0033,24.7314,57.88,74,81,17.65,1622656347
Te Anau,NZ,-45.4167,167.7167,43.68,91,30,1.16,1622656347
Saint George,US,37.1041,-113.5841,97.54,14,99,1.01,1622656085
Airai,TL,-8.9266,125.4092,56.52,89,94,2.42,1622656348
Puerto Escondido,MX,15.85,-97.0667,87.8,63,56,9.48,1622656348
Ancud,CL,-41.8697,-73.8203,49.23,90,100,10.65,1622656214
Rosarito,MX,32.3333,-117.0333,76.96,72,78,8.28,1622656349
Methóni,GR,36.8197,21.7049,67.86,71,29,13.2,1622656349
Varkaus,FI,62.3153,27.873,69.91,57,39,3.04,1622656349
Brockville,CA,44.5834,-75.6826,81.63,43,70,1.99,1622656203
Carnarvon,AU,-24.8667,113.6333,57.27,82,73,10.36,1622656350
Westport,US,41.1415,-73.3579,80.74,57,100,1.99,1622656350
Flin Flon,CA,54.7682,-101.865,80.44,36,75,10.38,1622656350
Diré,ML,12.2833,-10.9667,92.77,36,79,7.67,1622656351
Senador José Porfírio,BR,-2.5908,-51.9542,84.22,68,24,1.39,1622656351
Kenai,US,60.5544,-151.2583,57.02,68,1,4.61,1622656351
Salto,UY,-31.3833,-57.9667,69.96,56,0,11.99,1622656226
Santa Lucía,ES,27.9117,-15.5407,66.76,56,20,9.17,1622656352
Beringovskiy,RU,63.05,179.3167,31.01,81,23,7.36,1622656352
Mar del Plata,AR,-38.0023,-57.5575,57.09,67,40,1.01,1622656168
Malé,MV,4.1748,73.5089,84.15,74,20,17.27,1622656352
Bambous Virieux,MU,-20.3428,57.7575,76.21,69,40,18.25,1622656353
Codrington,AU,-38.2667,141.9667,48.42,85,61,7.92,1622656153
Slobidka,UA,47.8869,29.3461,51.22,96,100,15.52,1622656353
Kaitangata,NZ,-46.2817,169.8464,42.17,91,13,6.6,1622656354
Norman Wells,CA,65.282,-126.8329,44.64,76,75,10.36,1622656354
Porto Velho,BR,-8.7619,-63.9039,89.65,48,20,4.61,1622656318
Wangou,CN,42.0623,126.9127,54.48,98,100,5.39,1622656354
Gravelbourg,CA,49.8834,-106.5512,82.67,27,89,10.45,1622656355
Touros,BR,-5.1989,-35.4608,86.9,62,1,15.93,1622656355
Abalak,RU,58.1286,68.5944,45.68,56,34,4.36,1622656355
Port Lincoln,AU,-34.7333,135.8667,59.0,80,8,13.67,1622656356
San Cristobal,VE,7.7669,-72.225,82.58,52,100,5.73,1622656356
Atikokan,CA,48.7555,-91.6216,75.38,36,58,7.02,1622656356
Nemuro,JP,43.3236,145.575,48.49,100,100,4.63,1622656357
Antsohihy,MG,-14.8796,47.9875,72.93,77,82,4.16,1622656357
Kupang,ID,-10.1667,123.5833,76.03,84,38,9.17,1622656357
Constitución,CL,-35.3333,-72.4167,62.78,70,55,10.71,1622656149
Kloulklubed,PW,7.0419,134.2556,82.67,77,94,3.38,1622656358
Vestmannaeyjar,IS,63.4427,-20.2734,49.19,76,0,8.05,1622656358
Ampanihy,MG,-24.7,44.75,66.85,93,19,6.62,1622656359
Sobradinho,BR,-12.8333,-39.1,80.26,65,52,9.53,1622656359
Bethel,US,41.3712,-73.414,81.1,55,40,5.75,1622656359
Krasnosel'kup,RU,65.7,82.4667,39.51,61,100,8.32,1622656208
Ahipara,NZ,-35.1667,173.1667,56.26,78,98,6.13,1622656360
Vila Velha,BR,-20.3297,-40.2925,80.55,73,0,5.99,1622656259
Najrān,SA,17.4924,44.1277,88.45,15,100,4.68,1622656360
Narsaq,GL,60.9167,-46.05,44.96,66,100,13.67,1622656360
Namatanai,PG,-3.6667,152.4333,78.03,84,63,4.05,1622656361
Pimentel,PE,-6.8367,-79.9342,70.09,83,90,4.0,1622656361
At-Bashi,KG,41.1702,75.8106,56.66,71,86,1.21,1622656361
Dikson,RU,73.5069,80.5464,25.54,89,96,5.97,1622656362
Grand-Santi,GF,4.25,-54.3833,83.98,78,73,2.08,1622656362
Avarua,CK,-21.2078,-159.775,75.25,73,64,12.66,1622656151
Esperance,AU,-33.8667,121.9,55.24,78,56,7.99,1622656362
Port Keats,AU,-14.25,129.55,74.52,72,47,2.15,1622656363
Severo-Kuril'sk,RU,50.6789,156.125,39.85,90,25,8.25,1622656363
Dauphin,CA,51.1494,-100.0502,82.54,26,40,16.11,1622656363
Chekhov,RU,55.1431,37.4711,61.86,75,59,6.91,1622656364
Half Moon Bay,US,37.4636,-122.4286,75.81,74,75,6.91,1622656364
Lebu,CL,-37.6167,-73.65,57.2,77,56,5.01,1622656364
Ammon,US,43.4696,-111.9666,77.95,42,1,5.75,1622656365
Ardakān,IR,32.31,54.0175,93.58,8,0,10.87,1622656365
Thinadhoo,MV,0.5333,72.9333,83.41,73,92,15.03,1622656365
Platteville,US,42.7342,-90.4785,77.68,41,75,5.75,1622656366
Ribas do Rio Pardo,BR,-20.4431,-53.7592,91.47,25,12,3.78,1622656366
Margate,GB,51.3813,1.3862,66.87,89,98,8.05,1622656169
Hammond,US,41.5834,-87.5,77.58,55,1,4.0,1622656367
Yanam,IN,16.7333,82.2167,80.85,79,34,2.46,1622656367
Ugoofaaru,MV,5.6667,73.0,83.43,72,78,17.78,1622656367
Disraeli,CA,45.9001,-71.3491,77.22,34,34,5.01,1622656077
Lenger,KZ,42.183,69.8839,76.44,40,69,9.69,1622656368
Itacaré,BR,-14.2775,-38.9967,84.09,73,37,8.5,1622656368
Kahului,US,20.8947,-156.47,79.84,67,20,9.22,1622656133
Chimbote,PE,-9.0853,-78.5783,70.23,73,100,8.28,1622656369
Norden,DE,53.6,7.2,73.38,68,45,5.01,1622656369
Herat Province,AF,34.5,62.0,82.99,12,0,11.07,1622656369
Beled,HU,47.4659,17.0929,69.93,67,47,5.68,1622656370
Mehamn,NO,71.0357,27.8492,64.35,42,0,4.61,1622656145
Grindavik,IS,63.8424,-22.4338,48.56,71,40,10.11,1622656370
Borovskoy,KZ,53.8,64.15,59.04,58,19,10.2,1622656370
Magdagachi,RU,53.45,125.8,49.28,96,86,7.47,1622656371
Kilakarai,IN,9.2333,78.7833,86.43,69,19,11.95,1622656371
Carutapera,BR,-1.195,-46.02,85.12,67,41,8.48,1622656371
Iquitos,PE,-3.7481,-73.2472,86.04,70,75,2.3,1622656338
Praia,CV,14.9215,-23.5087,79.34,61,20,19.57,1622656372
Maridi,SS,4.9158,29.4742,69.53,96,100,4.16,1622656372
Kavieng,PG,-2.5744,150.7967,80.94,82,97,9.24,1622656188
Bahile,PH,9.9995,118.7878,78.01,92,100,2.89,1622656373
Hambantota,LK,6.1241,81.1185,80.06,83,83,15.79,1622656157
Lázaro Cárdenas,MX,17.9583,-102.2,90.63,51,97,7.43,1622656373
Oussouye,SN,12.485,-16.5469,91.58,46,54,11.43,1622656373
Coyhaique,CL,-45.5752,-72.0662,43.41,81,90,4.61,1622656213
Ellisras,ZA,-23.6649,27.7443,54.48,37,0,5.35,1622656374
Prieska,ZA,-29.6641,22.7474,54.37,49,2,9.98,1622656374
Namie,JP,37.4833,141.0,62.71,96,60,4.99,1622656374
Port Elizabeth,ZA,-33.918,25.5701,62.89,77,0,20.71,1622656375
Marabu,MY,4.4148,114.0089,78.94,94,20,3.47,1622656375
Hualmay,PE,-11.0964,-77.6139,69.53,70,99,8.14,1622656275
Guerrero Negro,MX,27.9769,-114.0611,71.46,53,6,10.65,1622656376
Ixtapa,MX,20.7,-105.2,95.74,38,100,7.94,1622656376
Cidreira,BR,-30.1811,-50.2056,69.03,63,70,11.07,1622656139
Sibi,PK,29.5448,67.8764,95.43,28,0,4.92,1622656376
Chennai,IN,13.0878,80.2785,86.97,90,20,4.0,1622656377
Gokak,IN,16.1667,74.8333,80.06,74,96,11.79,1622656377
Mossamedes,AO,-15.1961,12.1522,70.65,86,75,8.41,1622656377
Moscow,RU,55.7522,37.6156,63.03,65,81,8.39,1622656301
Karratha,AU,-20.7377,116.8463,71.22,34,99,16.87,1622656107
Iralaya,HN,15.0,-83.2333,89.69,69,21,9.37,1622656378
São Filipe,CV,14.8961,-24.4956,75.04,75,70,12.26,1622656241
Huicungo,PE,-7.2833,-76.8,84.45,70,40,3.6,1622656378
Zaranj,AF,30.9667,61.8833,94.96,8,0,8.43,1622656379
Hamilton,US,39.1834,-84.5333,67.21,95,90,1.01,1622656094
Maragogi,BR,-9.0122,-35.2225,80.58,66,46,8.66,1622656379
Orlik,RU,52.5178,99.825,47.26,47,5,1.68,1622656379
Sosnogorsk,RU,63.6023,53.8817,44.96,80,99,10.36,1622656380
San Jose,US,37.3394,-121.895,76.71,71,20,4.61,1622656269
Arrondissement de Troyes,FR,48.3333,4.0833,71.94,83,100,6.91,1622656380
Riyadh,SA,24.6877,46.7219,102.34,6,0,8.05,1622656381
Ketchikan,US,55.3422,-131.6461,53.58,98,100,3.98,1622656381
Srednekolymsk,RU,67.45,153.6833,58.53,36,84,3.96,1622656260
Kazachinskoye,RU,57.6953,93.2761,56.12,58,17,4.38,1622656381
Nome,US,64.5011,-165.4064,41.16,58,10,3.91,1622656382
Inuvik,CA,68.3499,-133.7218,32.86,86,90,6.91,1622656382
Nagahama,JP,35.3833,136.2667,67.64,100,51,4.41,1622656382
Waingapu,ID,-9.6567,120.2641,76.05,87,21,6.76,1622656233
Elizabeth City,US,36.2946,-76.2511,80.8,77,90,10.36,1622656383
Fulton,US,33.7668,-84.4499,82.89,56,90,1.01,1622656383
Albemarle,US,35.3501,-80.2001,77.9,78,90,4.61,1622656383
Swan River,CA,52.1058,-101.2676,80.49,28,88,12.66,1622656384
St. George's,GD,12.0564,-61.7485,83.88,65,20,20.71,1622656384
Grand Gaube,MU,-20.0064,57.6608,76.37,69,27,8.99,1622656384
Uarini,BR,-2.99,-65.1083,84.15,47,75,1.01,1622656385
Hong Kong,HK,22.2855,114.1577,85.32,90,86,3.0,1622656211
Faya,SA,18.3851,42.4509,80.71,19,61,11.54,1622656385
Saldanha,ZA,-33.0117,17.9442,60.85,84,66,21.23,1622656385
‘Ewa Beach,US,21.3156,-158.0072,80.1,67,1,10.0,1622656212
Arsen'yev,RU,44.1631,133.2733,55.98,95,100,4.07,1622656386
Kassala,SD,15.451,36.4,100.45,10,71,11.95,1622656386
Thompson,CA,55.7435,-97.8558,77.16,44,20,11.5,1622656387
Champerico,GT,14.3,-91.9167,90.14,63,28,7.34,1622656387
Takoradze,GH,4.8845,-1.7554,81.84,77,62,9.22,1622656387
Bodītī,ET,6.9667,37.8667,59.09,84,33,4.45,1622656387
Mildura,AU,-34.2,142.15,53.56,100,90,0.0,1622656388
Kailua,US,21.4022,-157.7394,80.15,71,99,14.47,1622656388
Griffith,US,41.5284,-87.4237,77.07,55,1,1.01,1622656389
Yako,BF,12.9667,-2.2667,102.34,19,33,10.33,1622656389
Rawson,AR,-43.3002,-65.1023,48.92,53,67,11.21,1622656389
Dinguiraye,GN,11.3,-10.7167,88.56,39,97,13.04,1622656389
Maiduguri,NG,11.8464,13.1603,96.3,24,80,3.11,1622656390
Wagar,SD,16.1525,36.2032,100.81,16,55,20.2,1622656390
Mnogovershinnyy,RU,53.9353,139.9242,41.36,98,47,0.31,1622656391
Hūn,LY,29.1268,15.9477,99.86,12,99,8.1,1622656391
Gambēla,ET,8.25,34.5833,70.88,95,96,4.18,1622656391
Batagay-Alyta,RU,67.8006,130.4114,53.28,42,49,4.03,1622656392
Jämsä,FI,61.8642,25.19,72.32,67,54,3.04,1622656392
Pio IX,BR,-6.8375,-40.5792,94.08,26,12,4.12,1622656392
Neuquén,AR,-38.9516,-68.0591,53.49,50,0,0.0,1622656109
Tuburan,PH,6.6439,122.2736,82.02,79,100,7.85,1622656393
Mitzic,GA,0.7821,11.549,69.39,97,100,2.37,1622656393
Xiongzhou,CN,25.1167,114.3,76.3,97,100,3.4,1622656393
Ostrovnoy,RU,68.0531,39.5131,45.46,87,92,5.64,1622656249
Talcahuano,CL,-36.7167,-73.1167,58.68,88,90,3.44,1622656394
Valenza,IT,45.0141,8.6414,73.62,51,83,0.81,1622656394
Tiksi,RU,71.6872,128.8694,47.1,76,86,12.44,1622656395
Mbandaka,CD,0.0487,18.2603,72.79,92,91,3.29,1622656395
Fortuna,US,40.5982,-124.1573,79.2,95,75,9.22,1622656395
Kaniama,CD,-7.5667,24.1833,74.73,46,89,0.09,1622656395
Balaipungut,ID,1.05,101.2833,79.21,97,94,2.24,1622656396
Solnechnyy,RU,50.7214,136.6319,46.98,92,18,3.56,1622656396
Yur’yev-Pol’skiy,RU,56.5,39.6833,49.57,75,45,8.81,1622656396
Magomeni,TZ,-6.8,39.25,78.73,88,40,5.08,1622656397
Yenagoa,NG,4.9247,6.2642,78.64,85,92,7.27,1622656397
Kon Tum,VN,14.35,108.0,73.04,93,100,1.7,1622656398
Voiron,FR,45.3639,5.5921,70.18,82,92,2.59,1622656398
Fort Nelson,CA,58.8053,-122.7002,72.99,40,75,3.44,1622656398
Kemijärvi,FI,66.7131,27.4306,67.35,48,87,3.69,1622656399
Azul,AR,-36.777,-59.8585,52.92,53,13,12.3,1622656399
Maceió,BR,-9.6658,-35.7353,81.84,74,75,10.09,1622656399
Zhangjiakou,CN,40.81,114.8794,54.18,51,76,8.16,1622656376
Prykolotne,UA,50.1604,37.3474,56.59,77,100,19.19,1622656400
Gushikawa,JP,26.3544,127.8686,78.8,90,75,7.4,1622656400
Tuatapere,NZ,-46.1333,167.6833,49.82,89,30,5.26,1622656400
Kavaratti,IN,10.5669,72.642,83.57,76,24,16.31,1622656401
Vytegra,RU,61.0064,36.4481,49.15,76,31,3.96,1622656401
Sur,OM,22.5667,59.5289,94.08,40,1,10.36,1622656402
Nioro,GM,13.35,-15.75,100.15,23,21,13.6,1622656147
Mariehamn,AX,60.0973,19.9348,64.26,48,0,8.05,1622656402
Matai,TZ,-8.3,31.5167,61.25,73,99,2.24,1622656402
Ol'ga,RU,43.7444,135.2892,52.12,92,90,6.29,1622656403
Novobirilyussy,RU,56.9514,90.6661,57.52,77,9,5.1,1622656403
Tsimmerbude,RU,54.675,20.1347,62.65,73,38,8.5,1622656403
Richards Bay,ZA,-28.783,32.0377,61.02,79,1,5.08,1622656404
Ryōtsu-minato,JP,38.0833,138.4333,62.87,73,77,0.89,1622656404
Payyanur,IN,12.1,75.2,80.6,86,48,1.61,1622656404
Aginskoye,RU,51.1,114.53,47.89,95,75,3.94,1622656404
Lufilufi,WS,-13.8745,-171.5986,74.98,69,89,15.01,1622656405
Taft,IR,31.7471,54.2088,87.75,9,0,1.28,1622656405
Pemangkat,ID,1.1667,108.9667,80.64,83,98,1.57,1622656353
Santa Fe,AR,-31.6333,-60.7,75.99,35,90,1.99,1622656241
Pitimbu,BR,-7.4706,-34.8086,84.79,68,21,12.53,1622656406
Goundam,ML,16.4145,-3.6708,104.52,14,26,20.33,1622656406
Vardø,NO,70.3705,31.1107,62.8,55,0,2.3,1622656406
Corinth,GR,37.9407,22.9573,72.41,55,88,4.16,1622656407
Ayan,RU,56.45,138.1667,36.23,94,82,0.6,1622656242
Porto-Novo,BJ,6.4965,2.6036,85.82,74,49,9.48,1622656256
Ust-Nera,RU,64.5667,143.2,43.2,81,42,3.31,1622656407
Loukhi,RU,66.0764,33.0381,64.18,54,98,3.13,1622656408
Talakan,RU,50.3167,130.3667,49.87,87,83,6.35,1622656408
Uribia,CO,11.7139,-72.266,90.81,49,100,16.98,1622656408
Basco,PH,20.4487,121.9702,84.16,87,80,15.79,1622656409
Okitipupa,NG,6.5047,4.7839,78.82,86,99,4.36,1622656409
Kiunga,PG,-6.1219,141.2906,73.35,99,99,1.28,1622656409
Sulangan,PH,11.1373,123.7228,83.66,72,98,9.04,1622656410
Leningradskiy,RU,69.3833,178.4167,26.04,94,59,9.75,1622656410
Piaçabuçu,BR,-10.4056,-36.4344,80.06,74,64,10.76,1622656410
São José da Coroa Grande,BR,-8.8978,-35.1478,80.96,64,44,8.97,1622656411
Nyurba,RU,63.2842,118.3319,55.04,79,14,6.85,1622656411
Kutum,SD,14.2,24.6667,90.05,15,83,4.16,1622656411
Shawville,CA,45.6001,-76.4827,79.9,38,54,4.9,1622656412
Bānswāra,IN,23.55,74.45,91.15,38,1,14.65,1622656412
Anūpgarh,IN,29.1911,73.2086,93.07,31,58,8.12,1622656412
Bengkulu,ID,-3.8004,102.2655,77.23,86,33,3.85,1622656412
Itaituba,BR,-4.2761,-55.9836,95.16,55,40,8.05,1622656129
Funadhoo,MV,6.15,73.2667,83.23,75,69,18.19,1622656413
Evensk,RU,61.95,159.2333,42.8,74,5,1.79,1622656413
Stokmarknes,NO,68.5646,14.9108,67.96,59,0,3.44,1622656414
Ternate,ID,0.8,127.4,81.14,77,92,1.5,1622656228
Guánica,PR,17.9716,-66.908,85.5,67,100,11.01,1622656414
Inhambane,MZ,-23.865,35.3833,71.58,88,40,9.22,1622656414
Necochea,AR,-38.5473,-58.7368,52.92,63,83,20.31,1622656200
Sibolga,ID,1.7427,98.7792,77.85,89,71,3.85,1622656189
Grahamstown,ZA,-33.3042,26.5328,50.32,90,99,9.84,1622656415
La Ronge,CA,55.1001,-105.2842,80.82,36,40,6.91,1622656415
Pochutla,MX,15.7432,-96.4661,90.82,47,21,9.64,1622656416
Pyshma,RU,56.9523,63.2513,54.14,64,98,7.83,1622656416
Blytheville,US,35.9273,-89.919,80.65,73,75,8.99,1622656119
Buchanan,LR,5.8808,-10.0467,80.8,83,98,8.43,1622656137
Zhangzhou,CN,24.5133,117.6556,78.73,96,100,1.3,1622656416
Chicama,PE,-7.8447,-79.1469,64.94,63,83,9.31,1622656199
Pleszew,PL,51.8964,17.7855,58.77,73,51,9.06,1622656417
North Myrtle Beach,US,33.816,-78.68,85.08,80,93,8.01,1622656417
Nouakchott,MR,18.0858,-15.9785,78.73,60,41,24.02,1622656417
Darhan,MN,49.4867,105.9228,46.67,91,33,6.13,1622656418
Conde,BR,-7.2597,-34.9075,83.66,70,75,12.88,1622656418
Idanre,NG,7.1127,5.1159,76.57,87,86,4.72,1622656419
Oron,NG,4.8256,8.2343,78.39,87,87,4.63,1622656419
Kerema,PG,-7.9631,145.7785,77.31,91,99,0.67,1622656419
Pandan,PH,14.0453,124.1694,79.81,84,85,10.49,1622656420
Bairiki Village,KI,1.3292,172.9752,78.8,94,40,16.69,1622656420
Savannakhet,LA,16.566,104.751,84.11,69,100,8.57,1622656420
Verāval,IN,20.9,70.3667,83.46,77,0,11.43,1622656421
Rewāri,IN,28.1833,76.6167,85.78,39,32,14.32,1622656421
Beloha,MG,-25.1667,45.05,68.7,90,64,11.43,1622656421
Colares,PT,38.7992,-9.4469,68.45,67,20,13.0,1622656422
Voineasa,RO,44.2833,24.1333,64.35,72,0,1.9,1622656422
Menongue,AO,-14.6585,17.691,60.37,34,40,4.94,1622656422
Shelburne,CA,44.0787,-80.2041,74.25,49,90,8.01,1622656423
Waipawa,NZ,-41.4122,175.5153,46.92,89,0,4.5,1622656423
Makīnsk,KZ,52.6292,70.4169,53.13,48,64,12.15,1622656423
Soyo,AO,-6.1349,12.3689,82.45,84,4,7.87,1622656424
Totskoye,RU,52.5248,52.7623,61.21,93,69,11.54,1622656424
Yangi Marg`ilon,UZ,40.4272,71.7189,79.52,25,40,6.91,1622656424
Bac Lieu,VN,9.285,105.7244,83.55,80,92,9.55,1622656425
Geraldton,AU,-28.7667,114.6,54.01,82,0,9.82,1622656425
Pangnirtung,CA,66.1451,-65.7125,33.8,93,90,10.36,1622656425
Taltal,CL,-25.4,-70.4833,67.69,65,18,1.97,1622656426
Navalmoral de la Mata,ES,39.8916,-5.5406,82.85,23,10,8.25,1622656426
Lata,PT,40.1629,-8.3327,66.04,75,99,7.87,1622656426
Kieta,PG,-6.2167,155.6333,78.85,83,93,4.16,1622656427
Şabrātah,LY,32.7933,12.4885,76.32,66,100,17.72,1622656427
Jasper,US,37.2001,-94.3502,69.03,78,90,1.01,1622656427
Norton,ZW,-17.8833,30.7,45.09,55,77,4.16,1622656428
Palauig,PH,15.435,119.9045,77.77,94,100,9.06,1622656428
High Level,CA,58.5169,-117.136,71.71,49,75,3.96,1622656428
Alugan,PH,12.2188,125.4808,77.83,86,79,5.53,1622656428
Kalianget,ID,-7.05,113.9333,80.71,79,95,9.82,1622656429
Cockburn Town,TC,21.4612,-71.1419,82.36,65,40,14.97,1622656277
Benin,BJ,9.5,2.25,88.09,48,38,7.78,1622656429
Frasin,RO,47.5333,25.8,52.45,94,100,5.84,1622656430
Winnemucca,US,40.973,-117.7357,87.12,21,1,2.91,1622656420
Quatre Cocos,MU,-20.2078,57.7625,76.08,68,46,18.03,1622656430
Alyangula,AU,-13.8483,136.4192,66.07,100,44,5.91,1622656430
Tianpeng,CN,30.9866,103.9393,66.67,81,100,8.55,1622656431
Rafai,CF,4.95,23.9167,70.79,84,91,1.23,1622656431
Gouré,NE,13.9835,10.2704,101.01,12,84,6.58,1622656431
Tual,ID,-5.6667,132.75,81.36,81,94,18.3,1622656432
Māngrol,IN,21.1167,70.1167,83.32,78,0,12.01,1622656432
Sátão,PT,40.7418,-7.7329,61.03,67,85,8.43,1622656432
Ortaköy,TR,38.7373,34.0387,53.85,53,18,5.95,1622656433
Sigli,ID,5.3848,95.9609,79.7,84,99,3.04,1622656433
Gamba,GA,-2.65,10.0,75.97,87,43,6.15,1622656433
Dentsville,US,34.064,-80.9582,82.9,70,99,1.99,1622656434
Syracuse,IT,37.0881,15.2792,73.45,75,91,7.65,1622656434
Šaľa,SK,48.1513,17.8806,70.34,68,72,3.51,1622656434
Katherine,AU,-14.4667,132.2667,71.92,73,75,6.26,1622656434
Vanimo,PG,-2.6741,141.3028,75.96,86,88,3.06,1622656435
Bouar,CF,5.934,15.596,66.38,96,86,2.3,1622656435
Enshi,CN,30.3,109.4833,69.37,99,100,2.64,1622656435
Huayucachi,PE,-12.1333,-75.2333,62.82,46,89,1.07,1622656436
Ilulissat,GL,69.2167,-51.1,39.81,64,1,7.02,1622656436
Gerāsh,IR,27.6652,54.1371,98.74,12,0,3.94,1622656436
San Isidro,PE,-12.1167,-77.05,69.01,84,75,6.58,1622656437
Taixing,CN,32.1667,120.0136,72.0,95,98,4.32,1622656437
Adrar,MR,20.5022,-10.0711,105.06,13,44,2.13,1622656207
Camalú,MX,30.85,-116.0667,73.42,65,48,7.4,1622656438
Nokaneng,BW,-19.6667,22.2667,56.77,24,16,6.44,1622656438
Beidao,CN,34.5686,105.8933,60.42,70,100,2.62,1622656438
Belyy Yar,RU,53.6039,91.3903,55.29,76,0,3.44,1622656439
Mahon,ES,39.8885,4.2658,72.16,78,20,13.8,1622656439
Yining,CN,29.0361,114.5636,75.69,95,74,1.41,1622656439
Copiapó,CL,-27.3667,-70.3333,56.89,24,0,7.43,1622656439
Nísia Floresta,BR,-6.0911,-35.2086,86.81,55,11,13.4,1622656440
Hofn,IS,64.2539,-15.2082,46.42,93,90,18.41,1622656419
Tiarei,PF,-17.5333,-149.3333,77.02,67,57,11.63,1622656440
São Félix do Xingu,BR,-6.6447,-51.995,92.23,37,3,4.92,1622656232
Nsanje,MW,-16.92,35.262,68.92,96,89,2.42,1622656441
Bukama,CD,-9.2,25.85,76.35,42,91,1.28,1622656441
Tura,IN,25.5198,90.2201,74.41,95,30,6.73,1622656441
Beyneu,KZ,45.3167,55.2,90.79,24,1,11.86,1622656442
Moreno,BR,-8.1186,-35.0922,79.75,65,40,9.64,1622656442
Taiyuan,CN,37.8694,112.5603,66.06,15,0,8.12,1622656181
San Patricio,US,28.017,-97.5169,89.02,57,99,6.76,1622656443
Obo,CF,5.3998,26.4869,73.62,75,17,4.05,1622656443
Roald,NO,62.5833,6.1333,69.85,52,0,5.75,1622656443
Callaway,US,30.153,-85.5699,86.92,69,20,8.01,1622656444
Bria,CF,6.5423,21.9863,68.32,97,100,4.05,1622656444
Malindi,KE,-3.2175,40.1191,78.96,78,20,11.5,1622656444
Kasongo,CD,-4.45,26.6667,73.4,60,58,3.18,1622656439
Coquimbo,CL,-29.9533,-71.3436,60.53,77,17,6.82,1622656445
Sørland,NO,67.667,12.6934,53.46,75,13,6.15,1622656445
Karaton,ID,-6.3424,106.1045,79.95,93,97,1.03,1622656446
Chabahar,IR,25.2919,60.643,86.72,78,0,6.04,1622656446
Derzhavīnsk,KZ,51.1,66.3167,70.9,58,100,8.84,1622656446
Pitkyaranta,RU,61.5734,31.4792,54.86,69,19,2.82,1622656447
Krasnotorka,UA,48.682,37.5327,56.41,97,100,15.97,1622656447
Sitka,US,57.0531,-135.33,49.89,87,90,10.36,1622656447
Ranong,TH,9.9658,98.6348,80.69,84,91,1.95,1622656448
Anchorage,US,61.2181,-149.9003,55.65,61,1,3.0,1622656367
Atbasar,KZ,51.8,68.3333,67.05,47,99,12.77,1622656448
Smithers,CA,54.7804,-127.1743,57.52,82,90,6.91,1622656414
Poum,NC,-20.2333,164.0167,72.01,67,87,13.13,1622656449
Visp,CH,46.2937,7.8815,64.78,92,98,3.94,1622656449
Somotillo,NI,13.0433,-86.9064,96.94,27,20,4.34,1622656449
Nālūt,LY,30.3333,10.85,97.65,13,98,11.86,1622656450
Raub,MY,3.7899,101.857,75.42,96,67,1.05,1622656450
Gravdal,NO,68.1214,13.5031,67.68,67,17,3.24,1622656450
Mackenzie,CA,55.2999,-123.1698,64.62,68,1,6.91,1622656451
Novo Aripuanã,BR,-5.1206,-60.3797,96.08,35,32,1.79,1622656451
Padang,ID,-0.9492,100.3543,78.66,87,80,4.21,1622656451
Akşehir,TR,38.3575,31.4164,53.83,62,38,6.93,1622656451
Gander,CA,48.9682,-54.5906,75.33,38,75,15.99,1622656421
Denia,ES,38.8408,0.1057,75.36,81,36,3.0,1622656452
Joshīmath,IN,30.5667,79.5667,60.64,75,48,4.21,1622656452
Mezen',RU,65.8522,44.24,40.59,87,94,11.01,1622656453
Ouadda,CF,8.0777,22.4007,68.67,85,91,1.74,1622656453
Rome,US,43.2128,-75.4557,75.58,70,90,11.5,1622656182
Mookane,BW,-23.688,26.6595,57.45,34,0,5.21,1622656453
Peniche,PT,39.3558,-9.3811,66.47,79,90,19.98,1622656454
São Gabriel da Cachoeira,BR,-0.1303,-67.0892,85.8,74,40,1.9,1622656454
Marystown,CA,47.1666,-55.1483,56.16,72,15,16.08,1622656250
Warrington,GB,53.3925,-2.5802,77.11,57,98,9.08,1622656454
Rørvik,NO,64.8621,11.2373,71.58,40,0,9.22,1622656455
Soc Trang,VN,9.6033,105.98,81.61,84,89,5.95,1622656455
Khani,GE,41.9563,42.9566,56.77,99,92,3.98,1622656455
Nabire,ID,-3.3667,135.4833,75.15,92,74,3.58,1622656456
Udachny,RU,66.4167,112.4,57.47,70,72,1.92,1622656456
Itarema,BR,-2.9248,-39.9167,83.89,69,34,14.25,1622656456
Bontang,ID,0.1333,117.5,79.21,81,96,6.58,1622656457
Bodden Town,KY,19.2833,-81.25,87.8,31,40,9.48,1622656457
Ondarroa,ES,43.3167,-2.4167,81.14,78,61,3.11,1622656457
Eirunepé,BR,-6.6603,-69.8736,91.42,46,60,3.6,1622656458
Launceston,AU,-41.45,147.1667,49.64,98,90,2.55,1622656458
Haines Junction,CA,60.7522,-137.5108,53.55,50,100,2.3,1622656458
Motala,SE,58.5371,15.0365,67.78,59,8,10.42,1622656459
Asău,RO,46.4333,26.4,53.76,77,100,7.05,1622656459
San Jerónimo,PE,-11.9472,-75.2829,61.84,47,90,1.43,1622656459
Finschhafen,PG,-6.6024,147.8681,77.22,87,90,8.39,1622656460
Saint Anthony,US,45.0205,-93.218,79.83,51,40,4.0,1622656460
Bindura,ZW,-17.3019,31.3306,47.84,74,86,1.79,1622656460
Chapais,CA,49.7834,-74.8492,64.18,47,99,6.69,1622656461
Pangai,TO,-19.8,-174.35,71.71,83,90,6.91,1622656461
Sorong,ID,-0.8833,131.25,78.13,88,80,5.08,1622656461
Mayo,US,38.8876,-76.5119,83.86,70,100,1.99,1622656462
Verkhnevilyuysk,RU,63.4453,120.3167,53.69,84,58,5.03,1622656462
Preeceville,CA,51.95,-102.6677,77.16,49,53,15.08,1622656462
